Filetype: Flipper SubGhz Key File
Version: 1
Frequency: 433920000
Preset: FuriHalSubGhzPresetOok650Async
Lat: 0.000000
Lon: 0.000000
Protocol: BinRAW
Bit: 759
TE: 64
Bit_RAW: 759
Data_RAW: 7F FF FF FF FF FF FF FF FF FF FF FF FF FF FF FF F0 00 00 00 00 09 00 00 73 80 00 3F FF FF FE 20 7B C3 83 FF FF FF DF E7 BF FF FF FF FF B1 E0 00 20 40 E3 00 00 01 01 38 00 00 09 00 00 7C 00 00 01 80 00 0F 80 00 7F FF E2 7F EF BE 30 73 3F BF 7F 8B CF FF FF F1 FF FF FF FF 8F FF E3 F8 F0
