Filetype: Flipper SubGhz Key File
Version: 1
Frequency: 315000000
Preset: FuriHalSubGhzPresetOok650Async
Lat: 0.000000
Lon: 0.000000
Protocol: BinRAW
Bit: 74
TE: 64
Bit_RAW: 37
Data_RAW: 00 00 00 00 03
Bit_RAW: 37
Data_RAW: 00 00 00 00 03
