Filetype: Flipper SubGhz Key File
Version: 1
Frequency: 315000000
Preset: FuriHalSubGhzPresetOok650Async
Lat: 0.000000
Lon: 0.000000
Protocol: BinRAW
Bit: 1749
TE: 155
Bit_RAW: 442
Data_RAW: 00 00 00 00 10 00 0F C0 00 00 00 00 10 00 07 E0 04 00 00 00 00 00 00 00 0E 00 00 00 00 00 00 10 0F 01 02 00 00 00 00 04 03 80 01 00 0B 00 02 04 07 84 40 00 B1 00 00 00
Bit_RAW: 30
Data_RAW: 00 00 00 03
Bit_RAW: 195
Data_RAW: 00 00 00 0A 00 02 07 F7 00 02 04 00 00 01 00 07 00 00 00 00 00 00 07 E7 00
Bit_RAW: 97
Data_RAW: 00 00 00 00 40 00 00 00 60 00 FE 05 00
Bit_RAW: 863
Data_RAW: 00 00 00 00 60 00 00 00 00 00 00 00 70 00 00 00 00 00 00 00 78 08 00 00 00 00 00 02 EF E0 40 82 C0 10 20 40 BD FC 08 20 B1 00 08 00 0C 04 00 00 B0 00 00 00 38 00 00 00 00 00 00 00 39 07 90 40 02 04 08 10 2E 00 08 10 0C 00 04 0B E7 80 82 08 2C 41 02 09 0F 01 00 00 2C 50 8A 09 2F 7B EF D7 F4 01 02 07 F3 80 01 00 00 00 00 00
Bit_RAW: 122
Data_RAW: 00 00 00 00 00 00 07 00 00 00 16 00 01 2C 03 00
