Filetype: Flipper SubGhz Key File
Version: 1
Frequency: 315000000
Preset: FuriHalSubGhzPresetOok650Async
Lat: 0.000000
Lon: 0.000000
Protocol: BinRAW
Bit: 77
TE: 135
Bit_RAW: 35
Data_RAW: 00 00 00 00 01
Bit_RAW: 42
Data_RAW: 00 00 00 00 3F 8C
