Filetype: Flipper SubGhz Key File
Version: 1
Frequency: 315000000
Preset: FuriHalSubGhzPresetOok650Async
Lat: 0.000000
Lon: 0.000000
Protocol: BinRAW
Bit: 638
TE: 95
Bit_RAW: 588
Data_RAW: 00 00 00 00 00 00 00 3E 00 00 00 00 00 13 80 00 C0 00 01 02 7E 84 42 58 00 00 9C 00 04 20 00 21 04 FC 82 0C 01 40 14 B7 09 0A 72 92 10 04 FC 00 10 00 00 00 01 00 00 00 00 07 FE 18 00 00 00 00 00 00 00 00 00 00 00 00 07 00
Bit_RAW: 50
Data_RAW: 00 00 00 00 00 00 03
