Filetype: Flipper SubGhz Key File
Version: 1
Frequency: 315000000
Preset: FuriHalSubGhzPresetOok650Async
Lat: 0.000000
Lon: 0.000000
Protocol: BinRAW
Bit: 107
TE: 476
Bit_RAW: 86
Data_RAW: 00 00 00 80 00 04 01 80 20 00 01
Bit_RAW: 21
Data_RAW: 00 00 01
