Filetype: Flipper SubGhz Key File
Version: 1
Frequency: 315000000
Preset: FuriHalSubGhzPresetOok650Async
Lat: 0.000000
Lon: 0.000000
Protocol: BinRAW
Bit: 3622
TE: 55
Bit_RAW: 97
Data_RAW: 00 00 00 00 00 00 00 00 00 00 00 00 7F
Bit_RAW: 362
Data_RAW: 00 00 00 00 00 00 00 00 00 00 00 E0 00 00 01 80 00 40 00 00 00 00 1F F1 80 00 38 00 1C 00 03 FF FF 0F 0C C0 00 18 00 00 00 01 80 00 31 FF
Bit_RAW: 1089
Data_RAW: 00 00 00 00 00 00 00 00 00 00 0C 38 00 00 00 40 00 00 00 00 00 00 0F F8 00 00 00 00 07 00 00 00 00 73 E0 00 80 00 22 19 80 00 7F FF F0 7F C3 00 00 40 00 18 00 04 00 01 8F 00 00 00 18 00 06 00 00 00 00 03 FE 00 00 07 00 01 DD 8E C0 00 08 7C 24 20 01 C0 00 70 00 00 00 07 3F F3 00 00 40 00 18 88 66 00 01 CF 80 60 00 9C 88 23 92 13 00 C4 C7 FF 30 80 04 00 00 20 00 00 00 0E 7C 01 91 00 C6 63 3D D8 CE 6C 7E 7F F3
Bit_RAW: 1808
Data_RAW: 00 00 00 00 00 00 00 00 01 87 80 00 00 00 00 03 00 00 00 00 00 FF 88 00 01 FF FF F3 00 00 40 00 1F 84 00 00 18 80 4C 00 02 00 00 87 FE 38 00 0F FF FC 00 00 00 00 00 70 00 00 00 80 00 00 00 00 00 00 1F F8 00 00 00 00 01 FF FE 00 00 61 E0 0C 00 02 00 00 C0 00 00 00 0C 7F E3 80 00 60 00 3F FD FC 00 27 9F 00 E4 86 00 00 1C 00 02 00 00 8F FC 00 00 04 00 00 00 00 00 00 00 78 00 00 00 C0 00 10 00 00 00 00 07 FE 00 00 0E 00 00 00 00 00 00 00 F0 0C 00 03 00 00 00 00 00 88 04 3F F2 12 00 09 86 7F 21 98 DE 7F 9F 86 47 61 99 99 DE FE 6D FF FF FF F8 60 00 00 00 0C 00 01 00 00 41 C0 00 00 06 00 00 80 00 60 00 00 7F C7 00 00 00 00 30 00 00 00 03 0F 00 00 00 38 88 07 10 01 FF FF C0 7F
Bit_RAW: 180
Data_RAW: 00 00 00 00 00 00 00 00 00 00 01 C0 00 00 00 00 00 00 00 0F FF E0 1F
Bit_RAW: 86
Data_RAW: 00 00 00 00 00 00 00 00 00 00 0F
