Filetype: Flipper SubGhz Key File
Version: 1
Frequency: 315000000
Preset: FuriHalSubGhzPresetOok650Async
Lat: 0.000000
Lon: 0.000000
Protocol: BinRAW
Bit: 48
TE: 207
Bit_RAW: 48
Data_RAW: 00 00 00 00 00 03
