Filetype: Flipper SubGhz Key File
Version: 1
Frequency: 390000000
Preset: FuriHalSubGhzPresetOok650Async
Lat: 0.000000
Lon: 0.000000
Protocol: BinRAW
Bit: 271
TE: 98
Bit_RAW: 271
Data_RAW: 70 00 00 00 00 00 00 00 00 00 00 00 00 00 00 00 00 00 00 00 00 00 00 00 00 00 00 00 00 00 00 49 08 20
