Filetype: Flipper SubGhz Key File
Version: 1
Frequency: 433920000
Preset: FuriHalSubGhzPresetOok650Async
Lat: 0.000000
Lon: 0.000000
Protocol: BinRAW
Bit: 956
TE: 516
Bit_RAW: 956
Data_RAW: 08 04 84 84 92 42 42 49 24 21 08 42 12 10 84 21 24 90 92 10 09 09 09 24 84 84 92 48 42 10 84 24 21 08 42 49 21 24 20 12 12 12 49 09 09 24 90 84 21 08 48 42 10 84 92 42 48 40 24 24 24 92 12 12 49 21 08 42 10 90 84 21 09 24 84 90 80 48 48 49 24 24 24 92 42 10 84 21 21 08 42 12 49 09 21 00 90 90 92 48 48 49 24 84 21 08 42 42 10 84 24 92 12 40 00 00 00 00 00 00
