Filetype: Flipper SubGhz Key File
Version: 1
Frequency: 433920000
Preset: FuriHalSubGhzPresetOok650Async
Lat: 0.000000
Lon: 0.000000
Protocol: BinRAW
Bit: 427
TE: 516
Bit_RAW: 427
Data_RAW: 04 90 80 48 48 49 24 24 24 92 42 10 84 21 21 08 42 12 49 09 21 00 90 90 92 48 48 49 24 84 21 08 42 42 10 84 24 92 12 42 01 21 21 24 90 90 92 49 08 42 10 84 84 21
