Filetype: Flipper SubGhz Key File
Version: 1
Frequency: 390000000
Preset: FuriHalSubGhzPresetOok650Async
Lat: 0.000000
Lon: 0.000000
Protocol: BinRAW
Bit: 224
TE: 97
Bit_RAW: 224
Data_RAW: C0 00 00 00 00 00 00 00 00 00 00 00 00 00 00 00 00 00 00 02 00 00 00 00 00 00 00 14
