Filetype: Flipper SubGhz Key File
Version: 1
Frequency: 315000000
Preset: FuriHalSubGhzPresetOok650Async
Lat: 0.000000
Lon: 0.000000
Protocol: BinRAW
Bit: 142
TE: 145
Bit_RAW: 71
Data_RAW: 00 00 00 00 00 00 00 00 07
Bit_RAW: 71
Data_RAW: 00 00 00 00 02 04 00 00 0F
