Filetype: Flipper SubGhz Key File
Version: 1
Frequency: 390000000
Preset: FuriHalSubGhzPresetOok650Async
Lat: 0.000000
Lon: 0.000000
Protocol: BinRAW
Bit: 257
TE: 95
Bit_RAW: 257
Data_RAW: 01 FF FF FF F0 00 00 00 00 00 00 00 00 00 00 00 00 00 00 00 00 00 00 00 00 00 00 00 00 00 00 00 00
