Filetype: Flipper SubGhz Key File
Version: 1
Frequency: 315000000
Preset: FuriHalSubGhzPresetOok650Async
Lat: 0.000000
Lon: 0.000000
Protocol: BinRAW
Bit: 712
TE: 65
Bit_RAW: 558
Data_RAW: 00 00 00 00 00 00 00 00 00 1F C0 00 04 00 00 00 00 00 01 E0 00 00 04 00 00 80 01 12 1F E4 26 06 32 33 99 18 13 13 9F 12 37 7E 33 1B 1B 9F 1B 9B 1F F0 00 00 00 06 00 00 0C 00 78 00 00 01 31 21 31 81 98 C1 FF 00
Bit_RAW: 66
Data_RAW: 00 00 00 00 00 00 00 00 01
Bit_RAW: 88
Data_RAW: 00 00 00 00 00 00 00 00 00 00 FF
