Filetype: Flipper SubGhz Key File
Version: 1
Frequency: 433920000
Preset: FuriHalSubGhzPresetOok650Async
Lat: 0.000000
Lon: 0.000000
Protocol: BinRAW
Bit: 1416
TE: 73
Bit_RAW: 708
Data_RAW: 00 00 00 00 00 00 00 00 00 00 00 00 00 00 00 00 00 00 00 00 00 00 00 0C 00 60 06 00 00 04 06 03 80 00 FF 06 01 C7 C9 07 96 40 00 00 00 00 00 00 00 00 0C 00 00 00 00 00 01 80 01 80 00 60 00 20 60 30 00 00 00 00 30 00 30 00 7E 06 00 01 FE 40 00 01 00 E8 08 01 FF E7 00
Bit_RAW: 708
Data_RAW: 00 00 00 00 00 00 00 00 00 00 00 00 00 00 00 00 00 00 00 00 00 00 00 06 00 00 03 00 03 00 00 01 80 00 70 0C 48 00 03 FF 0B C0 00 C0 00 03 DC DF 3F FF 1F CE 79 FF 3F E0 E0 30 00 0E 00 00 30 00 02 00 0C 00 C0 00 01 B8 00 00 0E F3 C0 FC FB 7F F9 86 E0 00 85 F9 F7 E7 00
