Filetype: Flipper SubGhz Key File
Version: 1
Frequency: 433920000
Preset: FuriHalSubGhzPresetOok650Async
Lat: 0.000000
Lon: 0.000000
Protocol: BinRAW
Bit: 152
TE: 65
Bit_RAW: 76
Data_RAW: 00 00 00 00 00 00 00 00 00 03
Bit_RAW: 76
Data_RAW: 00 00 00 00 00 00 00 00 00 01
