Filetype: Flipper SubGhz Key File
Version: 1
Frequency: 433920000
Preset: FuriHalSubGhzPresetOok650Async
Lat: 0.000000
Lon: 0.000000
Protocol: BinRAW
Bit: 691
TE: 64
Bit_RAW: 691
Data_RAW: 00 00 00 00 00 00 00 00 00 00 00 00 00 00 00 00 00 13 03 04 01 80 40 7E 00 3E 7F DF C0 F7 00 00 00 20 00 00 00 00 00 00 00 00 00 00 01 00 00 60 1F FF FF F9 02 00 00 00 00 01 80 00 02 00 77 00 00 07 31 00 00 01 FE 7B 9D B9 C1 99 98 00 01 FF 1F F8 CF F8 00 00 03
